#batchgen

errors = [1.2695535, 1.1738702, 1.0925092, 0.9733727, 0.98319268, 0.86468661, 0.91080022, 0.86558247, 0.77193624, 0.73550677, 0.74864298, 0.70643091, 0.72900045, 0.71162713, 0.6760245, 0.68280447, 0.69037575, 0.68272132, 0.70565546, 0.64761806]

1 loops, best of 3: 4min 51s per loop

#datagen
errors = [1.3390741, 1.3457464, 1.0432291, 1.0304855, 0.96907681, 0.9985919, 0.98701483, 0.87813622, 0.87654793, 0.87017959, 0.81959158, 0.79735988, 0.82155097, 0.7598089, 0.80882162, 0.75581884, 0.77586031, 0.72164422, 0.75124359, 0.7458877]

#keras imagegenerator
errors = [1.251078, 1.0831349, 0.95330638, 0.87856364, 0.82708973, 0.78790253, 0.76845008, 0.70680571, 0.6960938, 0.7141124, 0.68609059, 0.68286252, 0.69358492, 0.73261422, 0.66719443, 0.65646535, 0.61862814, 0.62294978, 0.6324535, 0.60364968]

1 loops, best of 3: 44min 28s per loop~